36,2
0,524
0,523
0,522
0,521
0,520
0,519
0,518
0,517
0,516
0,515
0,514
0,513
0,512
0,511
0,510
0,509
0,508
0,507
0,506
0,505
0,504
0,503
0,502
0,501
0,500
0,499
0,498
0,497
0,496
0,495
0,494
0,493
0,492
0,491
0,490
0,489
0,488
0,487
0,486
0,485
0,484
0,483
0,482
0,481
0,480
0,479
0,478
0,477
0,476
0,472
52,3
52,2
0,9
52,1
52,0
51,35
10,299
10,17
10,193
10,287
10,95
10,191
10,139
10,247
10,2
10,3
11,25
11,15
9,7
9,5
9,2
9,3
8,6
8,12
47,3
47,2
47,1
47,0
46,3
46,2
46,1
46,0
45,5
45,4
45,3
45,2
45,1
45,0
43,5
43,4
43,3
43,2
43,1
8,14
43,0
42,3
42,2
42,1
8,15
42,0
40,3
40,2
40,1
40,0
39,3
39,2
39,1
38,5
38,4
38,3
38,2
38,1
36,5
36,4
36,3
36,1
